0   -2421952   196768   -1210976   
1   -2476936   -2191188   43686204   
2   -8166552   -7478116   128824060   
3   0   -18194254   86444332   
4   0   -40958697   36994022   
5   -1193204   -16978948   80670184   
6   0   -27187296   33604336   
7   2018560   -428640   4080944   
8   10914768   -3590990   22344605   
9   4158726   -810744   9211591   
10   4056162   -1218558   8829876   
11   2029302   -1621488   5246723   
12   810744   -2026860   4241964   
13   1465791   -2776834   5993158   
14   4586940   -48596808   157203128   
15   0   -43878336   54234976   
16   1445036   -40328650   116916004   
17   5517974   -30456770   73277198   
18   8556504   -40145064   82651280   
19   9793785   -47997777   91484625   
20   8040901   -38335113   82737531   
21   6848355   -4151316   25831182   
22   1002520   797626   9439926   
23   1031466   -1508989   3529294   
24   1962990   -74485338   67275388   
25   -1561790   -27279403   16713348   
26   0   197704970   0   
27   0   256230110   0   
28   0   160452404   0   
29   0   165807096   0   
30   0   240305676   0   
31   0   230907158   0   
32   0   158339382   0   
33   0   120365742   0   
34   0   45000998   0   
35   0   30393920   0   
36   0   37367680   0   
37   -1210976   -43156   2416130   
38   -1205154   -43164   2416130   
39   -2416130   175545   0   
40   -46319832   5020236   0   
41   -42640328   4621444   0   
42   -20067760   -165017044   0   
43   -10192800   -83815320   0   
44   -2421952   196768   1210976   
45   -567180   -5541331   1137100   
46   -1139840   -9747712   569920   
47   -1210976   -43156   -2416130   
48   -1205154   -43164   -2416130   
49   -2416130   175545   0   
50   89152   -492724   0   
51   0   -127343040   0   
52   0   -127343040   0   
53   -567180   -5541331   -1137100   
54   0   -28388151   0   
55   0   -6802218   0   
56   0   -6802218   0   
57   0   -28388151   0   
58   -1139840   -9747712   -569920   
59   0   3818830   0   
60   0   3646190   0   
61   -2476936   -2191188   -43686204   
62   -8166552   -7478116   -128824060   
63   0   -18194254   -86444332   
64   0   -40958697   -36994022   
65   -1193204   -16978948   -80670184   
66   0   -27187296   -33604336   
67   2018560   -428640   -4080944   
68   10914768   -3590990   -22344605   
69   4158726   -810744   -9211591   
70   4056162   -1218558   -8829876   
71   2029302   -1621488   -5246723   
72   810744   -2026860   -4241964   
73   1465791   -2776834   -5993158   
74   4586940   -48596808   -157203128   
75   0   -43878336   -54234976   
76   1445036   -40328650   -116916004   
77   5517974   -30456770   -73277198   
78   8556504   -40145064   -82651280   
79   9793785   -47997777   -91484625   
80   8040901   -38335113   -82737531   
81   6848355   -4151316   -25831182   
82   1002520   797626   -9439926   
83   1031466   -1508989   -3529294   
84   1962990   -74485338   -67275388   
85   -1561790   -27279403   -16713348   
86   0   0   0   
87   0   0   0   
88   3306468   -871794   7197864   
89   2168496   -1318680   5174436   
90   1338216   -1601952   4197204   
91   871794   -2170938   4546479   
92   3306468   -871794   -7197864   
93   2168496   -1318680   -5174436   
94   1338216   -1601952   -4197204   
95   871794   -2170938   -4546479   
