0.0
220.50339
108.23373
110.37453
110.36493
111.77984
113.38845
115.292
123.27978
118.30346
120.339424
122.94864
125.17776
126.87782
128.83092
136.39337
132.28697
136.61456
138.27802
139.3194
142.62077
143.44493
146.21207
147.82259
149.9601
152.3098
153.34758
156.27945
157.59811
159.16765
161.82938
164.26535
172.7109
166.25856
166.0384
165.48349
165.64253
165.63405
165.78291
166.95555
166.89153
165.99095
166.05795
165.71825
167.46494
172.97911
167.31444
166.53069
167.26134
167.2205
167.67418
167.64764
169.8224
167.80348
167.64381
169.05328
167.56912
167.12643
167.90553
167.58855
167.61447
173.68141
167.91647
168.52423
168.89943
168.77303
168.90999
169.732
168.95421
169.04147
169.37773
169.35187
170.1491
170.33836
169.3178
170.22717
169.62343
169.57552
170.18358
169.97092
170.27133
170.0832
170.15015
170.26947
171.0961
171.15907
170.88579
170.77719
170.83405
170.4347
172.13187
170.92921
180.66173
172.4128
172.50566
171.19357
172.25095
171.51952
172.46007
171.89153
173.30627
172.68777
173.30403
172.18707
173.6464
173.04291
172.58537
174.26457
172.59007
173.93558
172.9768
173.5814
173.7037
172.916
172.79677
174.27869
173.7002
181.04337
173.48407
173.81111
174.35735
173.31584
184.3887
174.36304
174.2779
173.8135
174.38217
175.01263
175.8359
174.55127
175.15808
175.4671
175.02307
175.67876
175.15852
175.66289
175.39648
178.7896
175.82419
185.35094
177.92387
176.11574
177.98477
176.66083
177.35072
