0.0
47.0
109.0
31.0
31.0
47.0
47.0
46.0
78.0
78.0
94.0
93.0
94.0
125.0
125.0
125.0
125.0
140.0
156.0
171.0
171.0
187.0
188.0
187.0
203.0
202.0
219.0
249.0
234.0
234.0
250.0
265.0
265.0
281.0
297.0
297.0
297.0
312.0
312.0
328.0
327.0
343.0
358.0
359.0
375.0
375.0
390.0
406.0
405.0
421.0
437.0
437.0
452.0
452.0
452.0
468.0
484.0
499.0
499.0
515.0
500.0
531.0
530.0
530.0
546.0
546.0
561.0
562.0
593.0
577.0
593.0
608.0
608.0
624.0
624.0
624.0
640.0
640.0
655.0
671.0
671.0
687.0
702.0
702.0
702.0
702.0
733.0
749.0
733.0
733.0
748.0
780.0
764.0
780.0
796.0
811.0
811.0
842.0
827.0
827.0
858.0
873.0
873.0
873.0
874.0
905.0
889.0
889.0
920.0
920.0
936.0
951.0
967.0
951.0
951.0
968.0
998.0
998.0
999.0
998.0
1029.0
1014.0
1061.0
1045.0
1046.0
1061.0
1061.0
1076.0
1092.0
1107.0
1107.0
1123.0
1123.0
1124.0
1154.0
1139.0
1155.0
1170.0
1170.0
1186.0
1186.0
1201.0
1217.0
1217.0
1217.0
