0.0
1.0
0.0
0.0
0.0
0.0
1.0
0.0
0.0
1.0
1.0
1.0
2.0
2.0
2.0
2.0
3.0
4.0
5.0
5.0
5.0
5.0
1.0
2.0
1.0
1.0
2.0
1.0
2.0
2.0
2.0
3.0
2.0
2.0
1.0
1.0
1.0
1.0
2.0
2.0
2.0
1.0
1.0
1.0
2.0
2.0
2.0
2.0
2.0
2.0
3.0
2.0
2.0
3.0
3.0
4.0
4.0
3.0
4.0
4.0
4.0
4.0
4.0
4.0
4.0
4.0
4.0
4.0
5.0
5.0
6.0
5.0
5.0
6.0
6.0
6.0
5.0
5.0
6.0
6.0
6.0
6.0
7.0
7.0
10.0
9.0
9.0
8.0
9.0
9.0
8.0
9.0
9.0
10.0
8.0
9.0
9.0
9.0
10.0
10.0
9.0
10.0
10.0
10.0
11.0
11.0
11.0
11.0
11.0
11.0
11.0
12.0
12.0
13.0
13.0
16.0
19.0
16.0
14.0
13.0
14.0
15.0
16.0
17.0
17.0
16.0
17.0
18.0
17.0
16.0
17.0
17.0
17.0
18.0
18.0
18.0
17.0
20.0
20.0
19.0
19.0
19.0
20.0
20.0
21.0
20.0
20.0
20.0
21.0
21.0
21.0
22.0
22.0
23.0
22.0
23.0
24.0
27.0
35.0
43.0
29.0
31.0
32.0
29.0
27.0
27.0
27.0
28.0
28.0
28.0
29.0
28.0
29.0
30.0
31.0
31.0
31.0
30.0
30.0
31.0
31.0
31.0
36.0
32.0
33.0
33.0
34.0
34.0
34.0
34.0
34.0
35.0
38.0
36.0
36.0
37.0
37.0
38.0
38.0
38.0
38.0
39.0
39.0
42.0
42.0
41.0
40.0
41.0
42.0
45.0
54.0
47.0
47.0
46.0
47.0
45.0
47.0
48.0
48.0
47.0
46.0
48.0
48.0
48.0
48.0
49.0
49.0
50.0
53.0
59.0
53.0
53.0
54.0
55.0
55.0
57.0
54.0
54.0
55.0
54.0
55.0
56.0
55.0
56.0
56.0
71.0
62.0
61.0
61.0
62.0
62.0
60.0
61.0
61.0
62.0
61.0
63.0
64.0
64.0
67.0
77.0
67.0
68.0
68.0
68.0
69.0
67.0
68.0
68.0
71.0
69.0
70.0
72.0
80.0
76.0
76.0
76.0
73.0
74.0
74.0
81.0
76.0
76.0
77.0
80.0
83.0
82.0
79.0
81.0
80.0
80.0
82.0
81.0
83.0
83.0
84.0
90.0
89.0
88.0
86.0
87.0
87.0
88.0
88.0
88.0
89.0
90.0
100.0
95.0
91.0
93.0
92.0
94.0
99.0
94.0
95.0
96.0
101.0
97.0
99.0
99.0
101.0
100.0
102.0
101.0
101.0
106.0
103.0
104.0
104.0
107.0
106.0
109.0
108.0
109.0
115.0
111.0
111.0
112.0
113.0
116.0
114.0
114.0
116.0
116.0
115.0
118.0
118.0
118.0
119.0
118.0
121.0
119.0
120.0
124.0
123.0
125.0
125.0
125.0
128.0
127.0
126.0
127.0
130.0
134.0
128.0
137.0
133.0
132.0
132.0
134.0
136.0
136.0
136.0
140.0
138.0
137.0
140.0
138.0
139.0
143.0
141.0
143.0
141.0
143.0
147.0
145.0
146.0
145.0
146.0
147.0
149.0
147.0
154.0
151.0
152.0
152.0
151.0
156.0
156.0
154.0
159.0
159.0
159.0
162.0
163.0
162.0
161.0
162.0
166.0
165.0
165.0
165.0
164.0
165.0
169.0
168.0
169.0
170.0
171.0
172.0
174.0
174.0
174.0
176.0
174.0
177.0
181.0
177.0
178.0
178.0
179.0
180.0
179.0
182.0
183.0
186.0
190.0
188.0
186.0
185.0
188.0
191.0
190.0
192.0
194.0
193.0
195.0
195.0
198.0
198.0
196.0
199.0
199.0
200.0
203.0
203.0
204.0
207.0
206.0
209.0
206.0
208.0
211.0
210.0
209.0
213.0
209.0
213.0
212.0
215.0
217.0
214.0
216.0
218.0
219.0
220.0
222.0
223.0
224.0
229.0
228.0
225.0
226.0
227.0
227.0
229.0
231.0
231.0
235.0
233.0
236.0
235.0
237.0
242.0
239.0
238.0
238.0
239.0
246.0
244.0
248.0
245.0
245.0
253.0
254.0
249.0
251.0
250.0
253.0
253.0
253.0
254.0
256.0
255.0
259.0
263.0
260.0
263.0
264.0
265.0
263.0
265.0
265.0
267.0
272.0
268.0
269.0
269.0
271.0
272.0
275.0
273.0
275.0
274.0
278.0
279.0
283.0
281.0
282.0
286.0
284.0
285.0
284.0
290.0
288.0
290.0
291.0
296.0
295.0
293.0
293.0
294.0
308.0
317.0
301.0
299.0
308.0
304.0
305.0
303.0
311.0
307.0
310.0
310.0
310.0
311.0
314.0
315.0
313.0
316.0
316.0
322.0
318.0
319.0
323.0
323.0
322.0
326.0
324.0
326.0
328.0
327.0
329.0
333.0
336.0
334.0
335.0
338.0
338.0
338.0
338.0
342.0
341.0
343.0
345.0
349.0
346.0
349.0
348.0
353.0
349.0
352.0
350.0
353.0
356.0
353.0
354.0
356.0
364.0
369.0
359.0
364.0
365.0
365.0
368.0
373.0
372.0
372.0
371.0
375.0
370.0
377.0
375.0
378.0
380.0
381.0
381.0
385.0
382.0
385.0
388.0
388.0
387.0
390.0
397.0
392.0
389.0
393.0
397.0
398.0
402.0
399.0
400.0
402.0
406.0
404.0
406.0
409.0
411.0
409.0
410.0
413.0
416.0
414.0
419.0
415.0
416.0
415.0
422.0
428.0
431.0
432.0
430.0
432.0
432.0
430.0
426.0
434.0
439.0
437.0
439.0
445.0
449.0
449.0
450.0
454.0
452.0
459.0
463.0
459.0
461.0
465.0
464.0
460.0
454.0
462.0
463.0
469.0
464.0
461.0
463.0
470.0
467.0
467.0
470.0
470.0
475.0
472.0
478.0
471.0
