0.0
16.133696
1.675328
1.646336
1.63904
1.600384
1.783808
1.704864
1.684672
1.632832
1.700064
1.788096
1.756032
1.694272
1.742528
1.883296
2.072768
2.282272
2.315328
2.491968
2.421344
2.293216
2.263424
2.336352
2.074848
2.077984
2.07104
2.101888
2.082752
2.248768
2.249312
2.315232
2.929408
2.2872
2.382944
2.421696
2.296992
2.336416
2.633664
2.387904
2.567936
2.388704
2.493952
2.378816
2.569056
2.62544
2.397248
2.335104
2.389696
2.46096
2.419168
2.4608
2.485184
2.390752
2.526528
2.526144
2.515264
2.573216
2.530816
2.500704
2.604928
2.606912
2.528384
2.487392
2.447968
2.630176
2.600032
2.613984
2.631616
2.682784
2.779712
3.295712
2.96544
2.969376
2.743808
2.625312
2.813088
2.716992
2.868992
2.901024
2.729312
2.824896
2.755968
2.768
3.346592
3.67472
3.540384
2.883968
2.707392
2.761024
2.742816
2.94688
2.857056
2.959872
2.899936
2.929408
2.938176
2.901728
2.919936
2.852992
2.919552
2.911648
3.12576
2.853472
2.93088
2.948608
2.965152
3.015424
2.9544
3.031072
2.949568
3.079552
3.025248
3.027808
3.210464
3.17184
3.606464
3.308864
3.030496
3.102528
3.0368
3.032
3.267616
3.414848
3.19376
3.2456
3.155968
3.284448
3.17904
3.2072
3.253632
3.287904
3.226752
3.153184
3.2808
3.270592
3.25888
3.289312
3.457888
3.25552
3.357632
3.290528
3.398016
3.38704
3.253728
3.26704
3.438752
3.535616
3.366816
3.459072
3.481504
3.40272
3.394368
3.498016
3.482528
3.554816
3.467552
3.541856
3.845856
3.68832
3.696896
3.749824
3.468192
3.347424
3.56576
3.5456
3.572192
3.632544
3.627712
3.567392
3.795872
3.61056
3.659744
3.63632
3.858624
3.62752
3.723168
3.695328
3.72016
3.720672
3.64896
3.606816
3.685152
4.42288
3.7984
3.678688
3.810112
3.788608
4.080256
3.852864
3.869024
3.79376
3.740576
3.81104
3.985248
3.933024
3.869152
3.904928
3.815072
3.816864
4.006144
3.827552
3.910688
3.98128
4.108448
3.742656
3.988736
3.978912
4.037856
4.108288
4.248416
4.40912
3.994464
3.927808
4.089856
4.097152
4.103456
4.131072
4.282944
4.062144
4.189632
4.078048
4.28704
4.112928
4.0752
4.201408
4.132928
4.015648
4.1584
4.360608
4.428256
4.150016
4.249216
4.223392
4.15872
4.24512
4.32992
4.201536
4.723968
4.412512
4.252288
4.244
4.32928
4.38672
4.338528
4.407488
5.05248
4.397568
4.385472
4.284576
4.42992
4.353088
4.4336
4.440256
4.427296
4.405184
4.494432
4.642208
4.498464
4.716992
4.996512
4.5152
4.637856
4.6136
4.51632
4.564192
4.5408
4.65536
4.530496
4.625664
4.648512
4.732736
4.638208
4.639456
4.698112
4.71152
4.64736
4.663488
4.75376
4.694944
4.630464
4.695232
4.81872
4.654784
4.7864
4.71824
5.061184
4.737472
4.762336
4.830272
4.885824
4.888352
4.932928
4.80192
4.854816
4.770112
5.001952
5.276832
4.963776
4.978592
4.93664
4.889344
4.868736
5.113728
4.990144
4.948768
5.03728
5.060352
6.281824
5.004032
5.007104
4.943584
5.1272
4.946016
5.035168
5.068448
5.079552
5.054432
5.090016
5.097408
5.189856
5.156896
5.107328
5.205056
5.214176
5.378112
5.314336
5.387328
5.268224
5.281696
5.19184
5.262976
5.195104
5.3736
5.297408
5.317664
5.238048
5.330272
5.242464
5.2576
5.334176
5.233184
5.38464
5.382432
5.275584
5.396448
5.368096
6.527712
5.47472
5.353952
5.478048
5.453088
5.436
5.464224
5.672064
5.50016
5.554976
5.583808
5.535488
5.503392
5.789984
5.726208
5.658368
5.543552
5.712416
5.609568
5.705472
5.679456
5.515232
5.694336
5.776992
5.702976
5.65072
5.758016
5.643264
5.665088
5.984736
5.750272
5.765024
5.822304
5.80784
5.801184
5.851264
6.021952
5.809824
5.9856
5.908352
5.922464
5.877664
5.780672
5.798816
6.147168
5.919744
5.976
5.802304
6.137216
5.937728
6.357408
5.879648
6.033632
5.99776
5.912704
5.904544
6.00512
6.04544
6.309216
6.227296
6.142656
6.222912
6.006272
6.118432
6.089728
5.971136
6.040832
6.170528
6.29648
6.281344
6.211008
6.214048
6.196768
6.270144
6.267872
6.246336
6.220992
6.243456
6.23472
6.299232
6.248064
6.310656
6.158944
6.272864
6.373088
6.360224
6.39696
6.365632
6.298272
6.409376
6.3368
6.647904
6.424448
6.410336
6.401088
6.652864
6.553568
6.530272
6.425856
6.489376
6.549344
6.575136
6.593056
6.561216
7.876192
6.605504
6.57296
6.542976
6.622432
6.799776
6.673536
6.601792
6.552608
6.684224
6.731104
6.683072
6.598432
6.652448
6.654336
6.730784
6.672832
6.72288
6.735456
6.73936
6.734176
7.992928
6.847776
6.800512
6.832
6.755328
6.836864
6.857696
6.803712
6.920544
6.931456
6.842944
7.08816
6.931744
6.935808
6.927232
7.087744
7.011616
7.012896
6.994112
6.8728
7.08208
6.992512
7.049952
7.123616
7.051392
7.168384
7.064064
7.147104
7.065024
7.2016
7.2712
7.126304
7.197792
6.944768
7.143264
7.116576
7.270976
7.20192
7.138592
7.159264
7.199776
7.26736
7.280032
7.304672
7.2384
7.337856
7.267584
7.364672
7.334144
7.302848
7.383584
7.389664
7.360608
7.246976
7.430144
8.765664
7.496096
7.513248
7.397344
7.73136
7.448544
7.410624
7.48656
7.551008
7.47712
7.533696
7.511776
7.575936
7.467072
7.608736
7.502944
7.72768
7.618816
7.699232
7.938784
7.545504
7.807264
7.7384
8.578752
7.562848
7.7496
7.658112
7.965888
7.598528
7.687712
7.569376
7.701696
7.755136
7.806272
7.752096
7.694624
7.729536
7.870272
7.694016
7.712544
7.827232
7.776928
7.968192
18.419071
7.7824
7.885056
7.762048
7.925024
8.000544
7.827488
7.947232
7.938784
7.951936
7.980896
7.981792
30.152864
7.985824
7.986048
7.924
8.040992
8.05104
8.134048
8.29984
8.044192
8.141504
8.218816
7.985216
8.16048
8.219904
8.093696
8.116448
8.149664
8.139392
8.158752
8.208832
8.23456
8.174336
8.164
8.28144
8.197984
8.236064
8.226432
8.32064
61.73568
8.266144
8.349152
8.22128
8.330944
8.375648
8.446112
8.395296
8.419232
8.41392
8.329952
8.483552
8.420544
8.55504
8.422816
8.554752
8.495776
8.48144
8.628512
8.431008
8.516192
8.644
8.478656
8.582272
8.56544
8.684672
8.623936
8.640224
8.609152
8.620992
8.888128
8.760416
8.64032
8.573888
8.833856
8.812384
8.686528
8.66336
8.726912
8.912928
8.797184
8.69888
8.734752
8.810112
8.790816
8.793952
8.67296
8.81264
8.654368
9.102272
8.91488
8.996864
8.861984
8.920352
8.90416
8.898464
9.114912
9.200512
8.88832
8.760416
8.95904
8.892864
8.979008
9.03408
9.074496
9.045024
9.11968
9.17872
9.220224
9.083872
9.268416
9.106496
9.081312
9.135008
9.086048
9.223072
9.135488
9.954048
9.189472
9.209312
9.265856
9.265504
9.391936
9.448448
9.24496
9.271904
9.405696
9.35312
9.432064
9.316576
9.197024
