54 57 55
0 1 2
1 3 2
2 3 4
2 4 5
3 6 4
7 10 8
12 15 16
13 12 16
13 16 45
13 17 46
13 18 47
13 19 48
13 20 14
4 6 7
5 7 8
6 9 7
7 9 11
7 13 10
7 11 13
10 13 14
11 12 13
9 21 11
11 21 12
5 4 7
0 2 5
1 31 3
31 33 3
3 33 36
3 36 6
6 36 39
6 39 9
9 39 21
39 51 21
21 51 12
51 42 12
12 42 15
26 1 0
24 26 0
24 27 26
55 57 27
55 27 25
55 25 35
35 25 5
25 27 24
0 5 24
24 5 25
30 31 56
30 56 54
54 56 57
20 44 14
10 40 35
10 35 5
35 30 54
44 40 23
44 23 22
44 22 14
14 22 10
35 54 55
1 56 31
1 26 56
30 32 31
31 32 33
32 34 33
32 35 34
33 34 36
37 38 40
42 16 15
43 16 42
43 45 16
43 46 17
43 47 18
43 48 19
43 44 20
37 36 34
35 38 37
36 37 39
37 41 39
40 43 37
37 43 41
40 44 43
41 43 42
39 41 51
41 42 51
35 37 34
30 35 32
26 57 56
26 27 57
13 45 17
13 46 18
13 47 19
13 48 20
43 17 45
43 18 46
43 19 47
43 20 48